[Misc]

LightDir = (-0.0281174, 0.779627, 0.625613, 0 )
LightAmbDiff = (0.8, 0.7, 0.9, 1 )
MapCellDim = 513
MapExtents= (2048, 237.272, 2048 )
WaterColor = (0.5, 0.6, 0.8 , 1.0 )
WindLevel = (1,1,100)

[DataFiles]

Texture = Level2_S.tpl
TerrainData = Level2_S_Data.dat