[Misc]

LightDir = (-0.425572, 0.812866, 0.397665, 0 )
LightAmbDiff = (0.8, 0.8, 0.8, 1 )
MapCellDim = 513
MapExtents= (2048, 191.626, 2048 )
WaterColor = (0.5, 0.6, 0.8 , 1.0 )
WindLevel = (1,1,100)

[DataFiles]

Texture = Level1_S.tpl
TerrainData = Level1_S_Data.dat